#############
## Formats ##
#############

##[ Line Format ]
# time_start_offset -- date_stop -- time_interval -- time_variance -- session_probability -- min_session_occurrences -- max_session_occurrences[ -- primaryDataItem]
# -- alternateDataItem1
# -- ...
# -- alternateDataItemN

##[ Time Format ]
# S,M,H,D,M,Y

#############
## Configs ##
#############

##[ Start Date - Format: y-m-d h:m:s]
start 2017-01-01 00:00:00

##[ End Date - Format: y-m-d h:m:s]
end 2017-01-31 23:59:59

#######################
## Log Builder Rules ##
#######################

##[ 4 Non-Destinct Non-Set Topics  ]
#0,0,08,0,0,0 -- 0,0,0,0,1,0 -- 0,0,0,1,0,0 -- 59,59,1,0,0,0 -- 0.80 -- 1 -- 3 -- Coffee
#-- Coffee House
#-- Coffee Machine
#0,0,13,0,0,0 -- 0,0,0,0,1,0 -- 0,0,0,1,0,0 -- 59,59,1,0,0,0 -- 0.85 -- 2 -- 4 -- Programming
#-- Programming References
#-- Programming Guide
#0,0,17,0,0,0 -- 0,0,0,0,1,0 -- 0,0,0,1,0,0 -- 59,59,1,0,0,0 -- 0.60 -- 4 -- 5 -- Dogs
#-- Dog Pictures
#-- Dog Website
#0,0,21,0,0,0 -- 0,0,0,0,1,0 -- 0,0,0,1,0,0 -- 59,59,1,0,0,0 -- 0.50 -- 1 -- 4 -- Houses
#-- House Sales
#-- House Auctions

##[ 4 Non-Destinct Topics ]
#0,0,08,0,0,0 -- 0,0,0,0,1,0 -- 0,0,0,1,0,0 -- 59,59,1,0,0,0 -- 0.80 -- 1 -- 3 -- Coffee House Beverage
#-- House Beverage Coffee
#-- Beverage Coffee House
#0,0,13,0,0,0 -- 0,0,0,0,1,0 -- 0,0,0,1,0,0 -- 59,59,1,0,0,0 -- 0.85 -- 2 -- 4 -- Java Programming Guide
#-- Programming Guide Java
#-- Guide Java Programming
#0,0,17,0,0,0 -- 0,0,0,0,1,0 -- 0,0,0,1,0,0 -- 59,59,1,0,0,0 -- 0.60 -- 4 -- 5 -- Dog Pictures Website
#-- Pictures Website Dog
#-- Website Dog Pictures
#0,0,21,0,0,0 -- 0,0,0,0,1,0 -- 0,0,0,1,0,0 -- 59,59,1,0,0,0 -- 0.50 -- 1 -- 4 -- House Agent Sales
#-- Agent Sales House
#-- Sales House Agent

##[ 10 Topics ]
#0,0,08,0,0,0 -- 0,0,0,0,1,0 -- 0,0,0,1,0,0 -- 59,59,1,0,0,0 -- 0.80 -- 1 -- 3 -- Coffee Machine Project
#0,0,08,0,0,0 -- 0,0,0,0,1,0 -- 0,0,0,1,0,0 -- 59,59,1,0,0,0 -- 0.80 -- 1 -- 3 -- Cat House Builder Kit
#0,0,08,0,0,0 -- 0,0,0,0,1,0 -- 0,0,0,1,0,0 -- 59,59,1,0,0,0 -- 0.80 -- 1 -- 3 -- Dog Website
#0,0,08,0,0,0 -- 0,0,0,0,1,0 -- 0,0,0,1,0,0 -- 59,59,1,0,0,0 -- 0.80 -- 1 -- 3 -- Computer Expert
#0,0,08,0,0,0 -- 0,0,0,0,1,0 -- 0,0,0,1,0,0 -- 59,59,1,0,0,0 -- 0.80 -- 1 -- 3 -- Elephant Park Ranger
#0,0,08,0,0,0 -- 0,0,0,0,1,0 -- 0,0,0,1,0,0 -- 59,59,1,0,0,0 -- 0.80 -- 1 -- 3 -- Chair Store
#0,0,08,0,0,0 -- 0,0,0,0,1,0 -- 0,0,0,1,0,0 -- 59,59,1,0,0,0 -- 0.80 -- 1 -- 3 -- Desk
#0,0,08,0,0,0 -- 0,0,0,0,1,0 -- 0,0,0,1,0,0 -- 59,59,1,0,0,0 -- 0.80 -- 1 -- 3 -- Panda Zoo
#0,0,08,0,0,0 -- 0,0,0,0,1,0 -- 0,0,0,1,0,0 -- 59,59,1,0,0,0 -- 0.80 -- 1 -- 3 -- Truck Ralley Driver
#0,0,08,0,0,0 -- 0,0,0,0,1,0 -- 0,0,0,1,0,0 -- 59,59,1,0,0,0 -- 0.80 -- 1 -- 3 -- Tree House

##[ 40 Simple Topics ]
0,0,08,0,0,0 -- 0,0,0,0,1,0 -- 0,0,0,1,0,0 -- 59,59,1,0,0,0 -- 1.0 -- 1 -- 1 -- Anteater
0,0,08,0,0,0 -- 0,0,0,0,1,0 -- 0,0,0,1,0,0 -- 59,59,1,0,0,0 -- 1.0 -- 1 -- 1 -- Antarctic
0,0,08,0,0,0 -- 0,0,0,0,1,0 -- 0,0,0,1,0,0 -- 59,59,1,0,0,0 -- 1.0 -- 1 -- 1 -- Beaver
0,0,08,0,0,0 -- 0,0,0,0,1,0 -- 0,0,0,1,0,0 -- 59,59,1,0,0,0 -- 1.0 -- 1 -- 1 -- Bridge
0,0,08,0,0,0 -- 0,0,0,0,1,0 -- 0,0,0,1,0,0 -- 59,59,1,0,0,0 -- 1.0 -- 1 -- 1 -- Cub
0,0,08,0,0,0 -- 0,0,0,0,1,0 -- 0,0,0,1,0,0 -- 59,59,1,0,0,0 -- 1.0 -- 1 -- 1 -- Cat
0,0,08,0,0,0 -- 0,0,0,0,1,0 -- 0,0,0,1,0,0 -- 59,59,1,0,0,0 -- 1.0 -- 1 -- 1 -- Dog
0,0,08,0,0,0 -- 0,0,0,0,1,0 -- 0,0,0,1,0,0 -- 59,59,1,0,0,0 -- 1.0 -- 1 -- 1 -- Delta
0,0,08,0,0,0 -- 0,0,0,0,1,0 -- 0,0,0,1,0,0 -- 59,59,1,0,0,0 -- 1.0 -- 1 -- 1 -- Elephant
0,0,08,0,0,0 -- 0,0,0,0,1,0 -- 0,0,0,1,0,0 -- 59,59,1,0,0,0 -- 1.0 -- 1 -- 1 -- Expert
0,0,08,0,0,0 -- 0,0,0,0,1,0 -- 0,0,0,1,0,0 -- 59,59,1,0,0,0 -- 1.0 -- 1 -- 1 -- Frog
0,0,08,0,0,0 -- 0,0,0,0,1,0 -- 0,0,0,1,0,0 -- 59,59,1,0,0,0 -- 1.0 -- 1 -- 1 -- Fire
0,0,08,0,0,0 -- 0,0,0,0,1,0 -- 0,0,0,1,0,0 -- 59,59,1,0,0,0 -- 1.0 -- 1 -- 1 -- Green
0,0,08,0,0,0 -- 0,0,0,0,1,0 -- 0,0,0,1,0,0 -- 59,59,1,0,0,0 -- 1.0 -- 1 -- 1 -- Gecko
0,0,08,0,0,0 -- 0,0,0,0,1,0 -- 0,0,0,1,0,0 -- 59,59,1,0,0,0 -- 1.0 -- 1 -- 1 -- House
0,0,08,0,0,0 -- 0,0,0,0,1,0 -- 0,0,0,1,0,0 -- 59,59,1,0,0,0 -- 1.0 -- 1 -- 1 -- Hyphen
0,0,08,0,0,0 -- 0,0,0,0,1,0 -- 0,0,0,1,0,0 -- 59,59,1,0,0,0 -- 1.0 -- 1 -- 1 -- Internet
0,0,08,0,0,0 -- 0,0,0,0,1,0 -- 0,0,0,1,0,0 -- 59,59,1,0,0,0 -- 1.0 -- 1 -- 1 -- Igloo
0,0,08,0,0,0 -- 0,0,0,0,1,0 -- 0,0,0,1,0,0 -- 59,59,1,0,0,0 -- 1.0 -- 1 -- 1 -- Jackal
0,0,08,0,0,0 -- 0,0,0,0,1,0 -- 0,0,0,1,0,0 -- 59,59,1,0,0,0 -- 1.0 -- 1 -- 1 -- Java
0,0,08,0,0,0 -- 0,0,0,0,1,0 -- 0,0,0,1,0,0 -- 59,59,1,0,0,0 -- 1.0 -- 1 -- 1 -- Kangaroo
0,0,08,0,0,0 -- 0,0,0,0,1,0 -- 0,0,0,1,0,0 -- 59,59,1,0,0,0 -- 1.0 -- 1 -- 1 -- Kittens
0,0,08,0,0,0 -- 0,0,0,0,1,0 -- 0,0,0,1,0,0 -- 59,59,1,0,0,0 -- 1.0 -- 1 -- 1 -- Lighthouse
0,0,08,0,0,0 -- 0,0,0,0,1,0 -- 0,0,0,1,0,0 -- 59,59,1,0,0,0 -- 1.0 -- 1 -- 1 -- Line
0,0,08,0,0,0 -- 0,0,0,0,1,0 -- 0,0,0,1,0,0 -- 59,59,1,0,0,0 -- 1.0 -- 1 -- 1 -- Moon
0,0,08,0,0,0 -- 0,0,0,0,1,0 -- 0,0,0,1,0,0 -- 59,59,1,0,0,0 -- 1.0 -- 1 -- 1 -- Machine
0,0,08,0,0,0 -- 0,0,0,0,1,0 -- 0,0,0,1,0,0 -- 59,59,1,0,0,0 -- 1.0 -- 1 -- 1 -- Nitrogen
0,0,08,0,0,0 -- 0,0,0,0,1,0 -- 0,0,0,1,0,0 -- 59,59,1,0,0,0 -- 1.0 -- 1 -- 1 -- Nine
0,0,08,0,0,0 -- 0,0,0,0,1,0 -- 0,0,0,1,0,0 -- 59,59,1,0,0,0 -- 1.0 -- 1 -- 1 -- Octopus
0,0,08,0,0,0 -- 0,0,0,0,1,0 -- 0,0,0,1,0,0 -- 59,59,1,0,0,0 -- 1.0 -- 1 -- 1 -- Orange
0,0,08,0,0,0 -- 0,0,0,0,1,0 -- 0,0,0,1,0,0 -- 59,59,1,0,0,0 -- 1.0 -- 1 -- 1 -- Programming
0,0,08,0,0,0 -- 0,0,0,0,1,0 -- 0,0,0,1,0,0 -- 59,59,1,0,0,0 -- 1.0 -- 1 -- 1 -- Penguin
0,0,08,0,0,0 -- 0,0,0,0,1,0 -- 0,0,0,1,0,0 -- 59,59,1,0,0,0 -- 1.0 -- 1 -- 1 -- Quality
0,0,08,0,0,0 -- 0,0,0,0,1,0 -- 0,0,0,1,0,0 -- 59,59,1,0,0,0 -- 1.0 -- 1 -- 1 -- Rhino
0,0,08,0,0,0 -- 0,0,0,0,1,0 -- 0,0,0,1,0,0 -- 59,59,1,0,0,0 -- 1.0 -- 1 -- 1 -- Swan
0,0,08,0,0,0 -- 0,0,0,0,1,0 -- 0,0,0,1,0,0 -- 59,59,1,0,0,0 -- 1.0 -- 1 -- 1 -- Transformers
0,0,08,0,0,0 -- 0,0,0,0,1,0 -- 0,0,0,1,0,0 -- 59,59,1,0,0,0 -- 1.0 -- 1 -- 1 -- Umbrella
0,0,08,0,0,0 -- 0,0,0,0,1,0 -- 0,0,0,1,0,0 -- 59,59,1,0,0,0 -- 1.0 -- 1 -- 1 -- Vaccine
0,0,08,0,0,0 -- 0,0,0,0,1,0 -- 0,0,0,1,0,0 -- 59,59,1,0,0,0 -- 1.0 -- 1 -- 1 -- Whale
0,0,08,0,0,0 -- 0,0,0,0,1,0 -- 0,0,0,1,0,0 -- 59,59,1,0,0,0 -- 1.0 -- 1 -- 1 -- Zebra